1.006174 -0.047362
0.767299 0.661342
0.337719 0.976109
-0.267188 0.966946
-0.733950 0.532209
-1.014254 -0.081196
-0.855948 -0.581954
-0.323161 -0.975475
0.270862 -0.938882
0.873766 -0.580036
1.023417 -0.068632
0.700591 0.480978
0.276961 0.964063
-0.305657 0.974107
-0.842515 0.586999
-1.027378 0.019972
-0.786361 -0.553134
-0.340167 -0.980450
0.276447 -0.914192
0.840910 -0.619411
1.062781 -0.023300
0.707878 0.530266
0.295414 0.971169
-0.314627 0.959264
-0.845612 0.611600
-1.008576 0.000088
-0.816672 -0.637307
-0.372327 -0.982057
0.204341 -0.982081
0.841307 -0.611755
0.928851 0.038893
0.893023 0.629873
0.344045 0.908281
-0.331210 0.996590
-0.807014 0.546903
-0.980591 -0.019110
-0.816025 -0.609211
-0.290817 -0.970882
0.316788 -0.979153
0.790135 -0.564943
1.011969 0.060429
0.900784 0.628654
0.259266 0.894600
-0.304699 0.936770
-0.802188 0.666820
-0.958050 0.005146
-0.787771 -0.614942
-0.386097 -0.935696
0.278901 -1.005692
0.798585 -0.622618
0.985100 0.010722
0.740716 0.585870
0.310917 1.036313
-0.316360 0.904161
-0.827233 0.534538
-1.055500 -0.035664
-0.766006 -0.586088
-0.275797 -0.985190
0.345550 -0.939874
0.825237 -0.579394
1.060003 -0.017382
0.777322 0.596296
0.251124 0.985287
-0.304028 0.924016
-0.824179 0.575402
-0.979817 0.000123
-0.817257 -0.505266
-0.251202 -1.004360
0.310493 -0.927138
0.747603 -0.624598
1.036293 -0.037847
0.799959 0.593668
0.285892 0.909522
-0.281062 0.937324
-0.849599 0.634529
-0.958301 0.014025
-0.787266 -0.573719
-0.326418 -1.015083
0.323739 -1.041541
0.806662 -0.622382
0.953982 -0.021203
0.807357 0.606609
0.335431 0.988208
-0.318930 0.953246
-0.796320 0.567588
-0.980756 0.002326
-0.735551 -0.575850
-0.276016 -0.935229
0.326961 -0.987285
0.773226 -0.588566
0.992650 0.001551
0.838641 0.515600
0.321196 0.929245
-0.287593 0.946809
-0.820018 0.543189
-0.986347 0.050282
-0.833289 -0.609861
-0.355455 -0.982586
0.245069 -0.980261
0.818043 -0.600849
0.945988 0.019558
0.755063 0.600198
0.318386 0.962720
-0.323994 0.962926
-0.755651 0.565399
-0.983679 -0.039055
-0.755808 -0.594534
-0.380620 -0.906437
0.391069 -0.898256
0.774325 -0.558153
1.057518 0.010500
0.799708 0.627098
0.326438 0.914148
-0.284048 0.949487
-0.789569 0.642272
-1.046624 -0.010681
-0.886995 -0.635878
-0.286236 -0.977868
0.296719 -0.979235
0.834716 -0.539766
0.992978 -0.032181
0.767334 0.568528
0.251193 0.963031
-0.319457 0.961122
-0.830918 0.617935
-1.034241 -0.044307
-0.842000 -0.656540
-0.246374 -0.979005
0.299812 -0.962930
0.840823 -0.619590
1.008894 0.016047
0.844264 0.611385
0.320521 0.952791
-0.276875 0.954552
-0.880096 0.565471
-0.954591 0.032209
-0.774256 -0.659253
-0.292599 -0.974391
0.356516 -0.979427
0.809628 -0.551506
0.984038 -0.032636
0.839774 0.564895
0.246829 0.989316
-0.291232 0.929165
-0.828904 0.590812
-0.987968 0.022970
-0.800158 -0.554942
-0.269993 -0.925855
0.266079 -0.968825
0.877754 -0.577376
0.981147 0.003363
0.804942 0.591810
0.326828 0.930199
-0.314840 0.974821
-0.743162 0.614734
-0.994150 -0.015287
-0.814194 -0.549376
-0.300941 -0.975283
0.296935 -0.973608
0.792378 -0.604840
1.005355 0.005108
0.773667 0.585546
0.264526 0.917400
-0.353491 0.996357
-0.744316 0.617196
-1.039152 -0.004314
-0.832969 -0.593382
-0.288262 -0.990193
0.338505 -0.952528
0.820671 -0.551216
1.036786 0.072102
0.798901 0.582045
0.298755 1.011744
-0.374924 0.987730
-0.796713 0.534306
-0.949361 -0.007240
-0.804195 -0.572858
-0.286785 -0.931626
0.350219 -1.055143
0.773625 -0.594608
1.036379 0.028730
0.820571 0.612681
0.333252 0.963843
-0.325127 1.033737
-0.792275 0.574109
-1.064204 0.034915
-0.856283 -0.567847
-0.356263 -1.016949
0.344225 -0.949568
0.771748 -0.613257
1.025930 0.078205
0.803515 0.538601
0.268902 0.937007
-0.251889 0.941284
-0.836066 0.539456
-0.986000 -0.019774
-0.835781 -0.610615
-0.359727 -0.897537
0.281233 -0.973170
0.819124 -0.646330
1.023141 -0.000103
0.885793 0.658807
0.372705 0.917362
-0.322271 0.943655
-0.813478 0.574827
-1.008099 -0.053903
-0.819638 -0.625057
-0.286143 -0.921958
0.363308 -0.953567
0.760524 -0.612968
0.917260 -0.038939
0.792453 0.587896
0.221273 0.944261
-0.356419 0.989161
-0.757695 0.570862
-1.021329 -0.020228
-0.741808 -0.659763
-0.292461 -0.960066
0.334518 -1.021315
0.798680 -0.604364
1.045758 -0.035335
0.871882 0.540971
0.287867 0.975096
-0.325175 0.964006
-0.766545 0.601381
-0.930860 0.029823
-0.798583 -0.668522
-0.315378 -0.939756
0.366847 -1.028559
0.811545 -0.524157
1.054135 -0.070005
0.801331 0.567131
0.311660 0.997243
-0.258584 0.942637
-0.868686 0.618131
-1.046552 -0.005764
-0.815754 -0.611807
-0.325243 -0.972920
0.318196 -0.961162
0.805470 -0.592904
1.024770 0.042320
0.795106 0.631106
0.292705 0.979199
-0.318179 1.040738
-0.876235 0.563789
-0.986051 -0.049208
-0.851047 -0.584519
-0.253304 -0.928806
0.348597 -0.872744
0.803138 -0.515690
0.987104 0.005379
0.825434 0.646284
0.339489 0.970871
-0.326228 0.896886
-0.788310 0.582730
-1.024917 0.063120
-0.809795 -0.654901
-0.359044 -0.947876
0.282969 -0.986147
0.798078 -0.511632
1.061323 -0.068383
0.754576 0.588456
0.296321 0.961424
-0.300445 0.909450
-0.745321 0.608678
-0.968634 -0.061619
-0.838606 -0.626529
-0.313924 -0.850512
0.262993 -0.952673
0.769479 -0.589380
1.012769 0.009463
0.871086 0.530279
0.289166 0.972475
-0.259411 0.915148
-0.854993 0.566676
-0.987246 0.084408
-0.855290 -0.568540
-0.341795 -0.962747
0.280790 -0.947110
0.758989 -0.616038
1.081873 0.009476
0.868623 0.560837
0.339004 0.974584
-0.376074 0.966006
-0.775402 0.542137
-1.020554 0.025542
-0.837074 -0.595537
-0.291729 -0.986575
0.319889 -0.980993
0.843283 -0.674937
0.997859 0.023917
0.867399 0.542655
0.273021 1.051180
-0.343530 0.969588
-0.866929 0.534956
-1.008781 -0.003016
-0.806358 -0.547760
-0.246270 -0.951459
0.330185 -0.981951
0.865348 -0.597098
0.988385 0.016578
0.879849 0.563670
0.271168 0.947434
-0.266436 1.012614
-0.837436 0.567447
-1.004744 -0.053358
-0.835385 -0.557706
-0.308200 -0.926228
0.310835 -0.913714
0.731585 -0.570668
0.982848 -0.022372
0.743163 0.584222
0.320968 0.983789
-0.326062 0.841046
-0.814029 0.614320
-0.918162 -0.032638
-0.846580 -0.573761
-0.331119 -0.900858
0.224270 -1.008337
0.805837 -0.699927
0.993962 0.042931
0.821644 0.559464
0.296885 0.968199
-0.318272 0.990255
-0.820688 0.564537
-1.049167 -0.039539
-0.798879 -0.600392
-0.306738 -0.957927
0.327360 -0.939212
0.857083 -0.594999
1.098268 -0.025047
0.772139 0.577468
0.240180 0.898813
-0.378268 0.938013
-0.784506 0.539946
-1.061025 -0.044485
-0.774570 -0.564073
-0.389873 -0.980139
0.350672 -0.985356
0.868335 -0.612388
0.936986 -0.006250
0.753286 0.619723
0.293053 0.978967
-0.269224 0.922170
-0.853896 0.633157
-1.006641 -0.036780
-0.827067 -0.638073
-0.303398 -0.868141
0.302592 -0.952427
0.892392 -0.523748
1.001998 -0.014438
0.820334 0.636787
0.283550 0.968101
-0.342527 0.934179
-0.766889 0.623669
-1.000898 0.026064
-0.777554 -0.558227
-0.269505 -0.974556
0.284745 -1.031265
0.832945 -0.616755
0.963634 -0.015979
0.857943 0.529437
0.316826 0.965916
-0.337902 0.896967
-0.819091 0.588159
-0.985969 0.018350
-0.817264 -0.596560
-0.292525 -1.000783
0.332524 -0.908791
0.827848 -0.665676
1.054711 0.023492
0.869175 0.577279
0.327029 0.946248
-0.295443 1.021779
-0.822041 0.641609
-1.002930 0.005483
-0.822342 -0.571584
-0.336861 -1.007495
0.260148 -0.903931
0.793903 -0.508645
0.962695 -0.004348
0.764737 0.605842
0.412745 0.989329
-0.309339 0.951988
-0.760525 0.662246
-0.962038 -0.008658
-0.840986 -0.631568
-0.335974 -0.973537
0.360009 -0.949908
0.806699 -0.636042
1.037849 0.028645
0.792139 0.563203
0.329780 0.932139
-0.352798 0.899324
-0.813182 0.562359
-0.947674 0.022617
-0.789592 -0.605822
-0.260380 -1.003762
0.388922 -0.929686
0.742872 -0.562900
0.982242 0.014976
0.814180 0.532364
0.334422 0.944778
-0.260062 0.924828
-0.871044 0.635733
-1.025793 0.007176
-0.815373 -0.588191
-0.351285 -0.941339
0.304406 -0.985951
0.794013 -0.581387
1.021286 0.017472
0.699404 0.597612
0.324771 0.992276
-0.323918 1.003708
-0.808380 0.540542
-1.026275 -0.045987
-0.772162 -0.501346
-0.369033 -0.949366
0.259505 -0.960722
0.823351 -0.598901
0.988663 -0.016649
0.845514 0.605752
0.295510 0.983545
-0.326985 0.958487
-0.792689 0.618917
-0.952663 -0.004936
-0.799922 -0.604219
-0.271043 -1.010274
0.327879 -0.942836
0.794122 -0.564352
0.934052 -0.038748
0.849208 0.547469
0.321430 0.934391
-0.275867 1.000851
-0.786427 0.617357
-1.020017 0.057547
-0.870163 -0.541856
-0.229682 -0.927663
0.248565 -0.916192
0.786684 -0.566505
0.966785 0.025920
0.761573 0.650095
0.445996 0.936728
-0.303681 0.920883
-0.818438 0.601781
-0.963661 0.024301
-0.803403 -0.568561
-0.360239 -0.964100
0.286180 -0.906207
0.721744 -0.602966
0.982317 0.013099
0.816893 0.615682
0.313977 1.004350
-0.275230 0.940706
-0.799132 0.619188
-0.949856 0.028283
-0.850836 -0.640551
-0.406955 -1.008560
0.316401 -0.981229
0.840390 -0.629152
0.975375 0.016395
0.812716 0.606305
0.330816 0.935689
-0.237626 1.014646
-0.872581 0.600006
-1.027333 0.034840
-0.831231 -0.554513
-0.314891 -0.917909
0.363077 -0.947213
0.770909 -0.531385
0.987264 0.018269
0.820377 0.596696
0.282136 0.958730
-0.307783 0.900987
-0.853066 0.635212
-1.061765 -0.036031
-0.843944 -0.599279
-0.322096 -0.974947
0.293938 -0.918187
0.824688 -0.596595
0.971579 -0.011176
0.830760 0.553833
0.334434 0.916649
-0.308928 0.966369
-0.720077 0.630691
-0.994486 -0.000118
-0.786201 -0.497160
-0.269485 -0.937099
0.325811 -1.016674
0.835220 -0.694301
1.015265 -0.008886
0.820251 0.546203
0.328110 0.985733
-0.291711 0.976962
-0.861009 0.603459
-1.023849 0.062097
-0.874429 -0.597837
-0.324922 -0.883783
0.335682 -0.945066
0.855068 -0.615961
0.991024 -0.059795
0.873755 0.656695
0.369756 0.901346
-0.250713 0.914178
-0.858828 0.627605
-0.947742 -0.092717
-0.829019 -0.611856
-0.287411 -0.936044
0.258019 -0.948122
0.788919 -0.562684
0.996816 0.064130
0.847303 0.543587
0.307072 0.880906
-0.287472 0.927203
-0.830186 0.527771
-0.943525 -0.031390
-0.798693 -0.610343
-0.317671 -0.939606
0.273799 -1.001384
0.868682 -0.636450
1.038408 -0.007699
0.771527 0.543155
0.279929 0.922792
-0.354042 0.942697
-0.791863 0.586801
-0.940502 0.047578
-0.855279 -0.565826
-0.322532 -0.900628
0.292611 -0.981805
0.802752 -0.613462
0.989432 0.019206
0.829521 0.576533
0.257565 0.897887
-0.338754 0.962627
-0.787517 0.587493
-1.055761 -0.032248
-0.792036 -0.588293
-0.352276 -0.957483
0.375823 -0.974276
0.844354 -0.581254
0.953739 0.011505
0.764516 0.609541
0.271358 0.888238
-0.267457 0.918919
-0.814896 0.628978
-1.003869 0.002990
-0.848457 -0.686482
-0.333317 -0.933379
0.312805 -0.918181
0.836409 -0.606484
0.982020 -0.082964
0.846906 0.587528
0.261628 0.949663
-0.303898 1.002073
-0.835563 0.503559
-0.973600 -0.000943
-0.839921 -0.600549
-0.359103 -0.975981
0.364063 -0.842474
0.815300 -0.556668
1.010050 0.100777
0.804220 0.587741
0.301425 0.930553
-0.255937 0.914322
-0.858744 0.633912
-1.007194 -0.026014
-0.824008 -0.606333
-0.298030 -0.913941
0.351585 -0.936525
0.773706 -0.598781
0.998544 0.006323
0.741134 0.639732
0.323514 1.014324
-0.321756 0.984008
-0.780067 0.581776
-1.006873 0.003817
-0.775954 -0.525595
-0.292919 -0.916359
0.321797 -0.993163
0.847666 -0.521236
1.054558 -0.001689
0.775120 0.609839
0.319727 0.911214
-0.323750 0.961687
-0.809524 0.578430
-1.053844 -0.003220
-0.803658 -0.547983
-0.320303 -0.933548
0.273891 -0.925015
0.866487 -0.613181
1.026552 0.016162
0.760914 0.610393
0.272019 1.004577
-0.364032 0.913291
-0.877943 0.550742
-1.006024 -0.032795
-0.775173 -0.700044
-0.370616 -0.943950
0.255932 -0.960071
0.836530 -0.705139
1.038860 0.065082
0.837873 0.584130
0.334558 0.926636
-0.220039 0.945107
-0.830448 0.555975
-0.927560 -0.035801
-0.873934 -0.582816
-0.325534 -0.980978
0.323604 -0.878596
0.761788 -0.518762
0.931483 0.040343
0.832212 0.539185
0.296482 0.930499
-0.265621 0.980835
-0.845881 0.599410
-1.005986 0.004566
-0.814547 -0.592278
-0.305578 -0.978296
0.338321 -0.933176
0.884257 -0.601206
1.082359 -0.008252
0.829422 0.640749
0.363782 0.969477
-0.268161 0.963718
-0.795043 0.655845
-1.001542 0.006841
-0.750423 -0.541965
-0.400857 -0.984065
0.317295 -0.933736
0.792863 -0.629837
0.978005 -0.056964
0.825121 0.631048
0.334255 0.982607
-0.337991 0.933434
-0.709146 0.581344
-1.051820 -0.023228
-0.914640 -0.524196
-0.263867 -0.914280
0.288187 -0.946662
0.739611 -0.542088
1.016087 -0.019918
0.873570 0.628736
0.291747 0.936757
-0.290090 0.978658
-0.806575 0.512211
-1.008752 0.023270
-0.794743 -0.569348
-0.291920 -0.868393
0.386034 -0.925193
0.763560 -0.598358
1.026681 0.026673
0.865402 0.616093
0.277061 0.967686
-0.365783 0.943166
-0.792879 0.621000
-1.048385 -0.016604
-0.799677 -0.603357
-0.352592 -0.950317
0.282799 -0.876527
0.809562 -0.541413
1.015389 0.045615
0.826509 0.553148
0.258391 0.941132
-0.311999 0.967923
-0.775098 0.588794
-1.078977 0.002648
-0.857807 -0.535749
-0.284503 -1.004631
0.330389 -0.902886
0.809548 -0.546773
1.014917 -0.009302
0.838968 0.609294
0.368111 0.954880
-0.310838 1.004076
-0.815967 0.631957
-1.046827 0.023375
-0.764829 -0.535827
-0.307830 -0.960297
0.369753 -0.988697
0.861366 -0.543469
1.004762 0.057958
0.801363 0.606548
0.314446 0.955883
-0.404001 0.893700
-0.817859 0.599125
-1.022419 0.027921
-0.887631 -0.604012
-0.326076 -0.974394
0.387486 -0.986665
0.781386 -0.567848
0.966671 0.020620
0.830733 0.560855
0.361896 0.968258
-0.314985 0.945717
-0.854223 0.586519
-1.006668 0.076351
-0.804887 -0.571167
-0.348571 -0.960501
0.290437 -0.925330
0.843322 -0.617339
1.084905 0.004630
0.797839 0.622523
0.267610 0.946079
-0.327436 0.894457
-0.796151 0.625933
-0.977639 -0.022149
-0.823751 -0.614301
-0.340122 -0.925249
0.285091 -0.962969
0.848927 -0.598128
0.964273 0.050698
0.824046 0.596767
0.290268 0.955861
-0.221652 0.930523
-0.836254 0.587121
-1.001740 0.080003
-0.726010 -0.644285
-0.366168 -0.980015
0.275135 -0.930494
0.805374 -0.643143
1.029991 -0.010348
0.845171 0.595487
0.266922 0.935300
-0.273784 0.896330
-0.766522 0.659999
-0.967894 -0.003482
-0.792275 -0.658038
-0.305187 -0.906033
0.349117 -0.964699
0.790999 -0.599901
1.002714 0.002140
0.798916 0.614774
0.321515 0.913697
-0.327766 0.960844
-0.865571 0.508957
-0.989344 -0.008423
-0.813649 -0.596014
-0.289102 -0.991440
0.309852 -0.889749
0.751146 -0.577137
0.996361 0.043702
0.766024 0.636801
0.310024 0.978646
-0.283454 0.961972
-0.805037 0.581177
-1.019588 -0.025488
-0.847419 -0.618455
-0.319910 -0.933744
0.341435 -0.900460
0.860739 -0.511271
0.966144 -0.007484
0.780038 0.559447
0.299404 0.984156
-0.285500 0.936168
-0.844175 0.630355
-1.033871 0.029885
-0.763444 -0.642354
-0.312068 -0.978211
0.302190 -0.929580
0.799060 -0.673331
1.083445 0.083363
0.830781 0.577795
0.302280 0.997505
-0.311046 0.940441
-0.767074 0.630823
-0.975150 -0.028828
-0.870007 -0.548501
-0.363930 -0.924388
0.307180 -1.005580
0.826155 -0.613778
0.995479 0.014700
0.831229 0.555211
0.321053 0.963333
-0.305606 0.917402
-0.783222 0.582863
-0.975200 0.014854
-0.850076 -0.617893
-0.241993 -0.974809
0.355048 -0.953017
0.841507 -0.578464
1.021257 -0.047187
0.769285 0.607177
0.400077 0.949491
-0.227712 0.991233
-0.784726 0.524876
-1.028351 0.013847
-0.851023 -0.615355
-0.344446 -1.019515
0.281697 -0.944934
0.834793 -0.611869
1.024733 -0.024122
0.779690 0.559221
0.237197 0.915318
-0.338916 0.933432
-0.823067 0.586785
-0.988170 -0.075962
-0.797067 -0.579643
-0.317850 -0.967622
0.275301 -1.002215
0.860028 -0.563995
1.006456 -0.008357
0.800124 0.616333
0.337610 0.936057
-0.282028 0.931274
-0.783341 0.620836
-0.927181 0.076771
-0.771093 -0.554687
-0.310167 -0.927763
0.368002 -0.908949
0.817495 -0.584941
1.011775 0.013823
0.781393 0.527432
0.351321 0.955349
-0.324683 0.949811
-0.830504 0.573256
-1.015490 -0.026174
-0.863003 -0.623753
-0.308120 -0.916832
0.315396 -0.978250
0.839320 -0.598191
1.029278 -0.009212
0.828541 0.624694
0.346635 0.910699
-0.319887 0.936681
-0.826281 0.600093
-0.923055 -0.017248
-0.870504 -0.544106
-0.351213 -0.940818
0.273351 -0.922122
0.852326 -0.608200
1.050334 0.056664
0.780189 0.582439
0.283486 0.931747
-0.287022 0.945117
-0.784830 0.610985
-0.955236 -0.030898
-0.795585 -0.636605
-0.263111 -0.947211
0.246072 -0.919280
0.873492 -0.637676
0.975402 0.004645
0.776949 0.545499
0.278669 0.981397
-0.340474 0.969608
-0.812404 0.602287
-1.023412 0.004244
-0.828592 -0.620372
-0.284526 -0.943715
0.297906 -0.964957
0.851034 -0.524567
1.024849 -0.085220
0.801645 0.607276
0.279324 0.990297
-0.289890 0.951791
-0.780611 0.602018
-0.988194 -0.070032
-0.765354 -0.619559
-0.368473 -0.931191
0.326002 -0.856697
0.841555 -0.654262
0.893337 0.003708
0.849129 0.589361
0.337624 0.985371
-0.282665 0.972283
-0.791537 0.563341
-0.985467 0.033544
-0.792718 -0.605534
-0.333858 -0.945479
0.250116 -0.954101
0.785956 -0.533314
1.020825 -0.083145
0.760680 0.582135
0.230829 0.947757
-0.300758 1.061678
-0.675774 0.620261
-0.994420 0.029904
-0.826016 -0.595842
-0.296204 -0.946306
0.314557 -0.983469
0.819135 -0.533196
0.988406 0.030988
0.743525 0.628218
0.319751 0.867213
-0.294490 0.933205
-0.766465 0.529016
-1.023271 -0.005014
-0.847641 -0.613231
-0.343470 -0.990388
0.329921 -0.866695
0.756978 -0.569687
1.012611 0.020277
0.757049 0.558101
0.301917 0.951338
-0.248542 0.946210
-0.770472 0.538667
-1.085170 0.052643
-0.832859 -0.582980
-0.297091 -0.930459
0.312846 -1.005937
0.818583 -0.624148
0.965476 -0.024182
0.799217 0.569757
0.273896 0.935266
-0.332230 0.990609
-0.807277 0.579149
-1.031744 0.043107
-0.754962 -0.646126
-0.301835 -0.999331
0.325659 -0.920205
0.820041 -0.597180
0.999537 0.014693
0.802454 0.545898
0.244537 0.953190
-0.397157 0.935781
-0.851973 0.615395
-0.924447 -0.000841
-0.813949 -0.536975
-0.295690 -0.903757
0.346886 -0.963072
0.850031 -0.603039
1.011411 0.016428
0.759976 0.537366
0.289762 1.061552
-0.209316 0.962489
-0.819906 0.628972
-1.011611 -0.059298
-0.834434 -0.596784
-0.315331 -0.979903
0.338665 -0.924456
0.875238 -0.599936
1.013035 0.032111
0.799245 0.548760
0.378440 1.031512
-0.293883 0.946350
-0.871741 0.523150
-0.960849 -0.001336
-0.791709 -0.605636
-0.363703 -0.897885
0.388361 -0.977457
0.761856 -0.553670
1.077758 -0.003244
0.824231 0.553421
0.344966 1.002622
-0.336959 0.862690
-0.812624 0.516274
-1.002958 0.003083
-0.800771 -0.565100
-0.319489 -0.945600
0.299448 -0.955263
0.786786 -0.592378
0.997300 0.044729
0.830299 0.523880
0.244598 0.962989
-0.324166 0.963968
-0.835202 0.596552
-1.044715 -0.021333
-0.828597 -0.659538
-0.300400 -0.951607
0.262934 -0.969391
0.817282 -0.583342
0.985553 0.030079
0.810714 0.583051
0.351798 0.994853
-0.325304 0.954696
-0.801202 0.622963
-0.974459 0.002073
-0.880901 -0.597581
-0.339637 -0.930239
0.315903 -0.992686
0.838010 -0.586043
0.917511 0.014025
0.776084 0.578543
0.320244 0.947890
-0.384153 0.991721
-0.842977 0.574764
-1.023366 -0.018537
-0.777300 -0.605808
-0.229290 -0.889049
0.263589 -0.962501
0.822029 -0.607617
1.005591 0.029771
0.824789 0.613518
0.327706 1.015945
-0.247119 1.002048
-0.858526 0.582743
-1.026205 0.097008
-0.844470 -0.621658
-0.233885 -0.988558
0.352423 -0.932206
0.770776 -0.630604
1.004449 0.040663
0.704642 0.664560
0.274033 0.955276
-0.331175 0.963311
-0.771631 0.597802
-0.960739 -0.067022
-0.845877 -0.572920
-0.275942 -0.990304
0.366592 -0.979313
0.767416 -0.549530
1.007611 -0.033076
0.850264 0.591827
0.255119 0.952516
-0.345168 0.918858
-0.793498 0.566720
-0.991893 0.034275
-0.835987 -0.625969
-0.277667 -0.899530
0.255762 -0.966484
0.809576 -0.617488
1.034102 0.076509
0.806747 0.548149
0.294535 0.906360
-0.304169 1.003928
-0.787393 0.589219
-1.023502 0.059058
-0.823656 -0.544070
-0.318853 -0.978227
0.367908 -0.916018
0.785202 -0.630705
0.964587 0.102264
0.836340 0.558081
0.278672 0.927403
-0.353384 0.934018
